12670695090966689425
12251116671377166316
9074541556797192248
4771879791003680224
12513279408358575334
15020229652163501142
5766081256424715112
12936395511252393948
3042428325862734998
15437344755369625953
4592933340491085047
7724881601677171855
4874077893867525648
10470200370294986410
10216859411035672458
6761383765264799592
17738248921721011922
976363181059093017
14191852110591755054
17934584269704086491
17980106924156588522
4778807768835188391
15132278739368598956
3473821277441669316
3782181658738093583
7804234789224767637
15034781337031809765
5145042619577206449
3729065498942084643
12212380940925235456
5275358754643722193
4962281325464033267
4252927228885002335
17116318248551666786
16097620014716217080
4550054416595528232
1960690349404725532
15234476438935552746
464052793451506914
5603951937551787730
17074604431896125403
838976163822596254
11772747364555364239
9897657435511479751
1344779453385590547
14817646112764609951
114117207690989670
16367150760074989080
1602534040877993665
6726646451366911192
14904227618782135866
7735320169833187607
17239377528575200595
8925719440913781495
17129025022466944923
6085480558019555708
14433555798125894266
3724472587482580943
5960283656740900197
1125126585096998329
15496160828717744099
14303262196388960377
12290534472915588558
7094402669956793801
11904110934649459184
5628052458729133235
755616755481451030
5278461985829711937
18153663264345348613
11537248296338178006
1259220139916260791
1325598781323005467
15483692382684162553
10451215625419333991
9350077592046151057
3099846948623206540
1206761647649207400
3873608340333551719
6870558693885916554
13197346472978354635
15836277539868428583
11806528955635874700
12048395620157733188
4063780393094241084
266756861147264
12645062704192828965
15735260936744246587
6511555040148512254
10635561505763994780
329054556029740128
5067846915607090642
7378499982193289882
10439088094104891242
4652784026100037568
7726489137179135213
12387847752687500183
1022264605835343327
7448176660852315818
8708869659384188807
14785854889737029426
9577356826600292115
18039444232271979636
800737635593920001
10301171354588617131
16646492300590531407
6654843546605863373
15107167615243409847
4744759694541000335
14957114397423489473
13280720628374940834
9993978184152450873
14283535724830130355
15802807916458981904
2852601305183779032
13994234513428141580
16704338573536976071
1628971376700152180
2460270636106053426
3625869978363367515
12380377779633024837
11956531441871358849
10372216463879166537
7223218143803380731
4226438839493064841
1224976594220839561
13257232565698446180
15126549988705547101
3480477647466952494
10525611580829038194
5556659327704884148
9141372097922999659
8330638442490342793
12318076236861068753
13957297771248222396
14110759526934990985
12766374168276367724
5843294014215410998
15603745108013635350
16039714435694952792
9209923934114226598
3148869888408896954
14111665008116000102
7094485296211327377
9227845272939549079
2301604218375500706
14244250548445973214
4716562805920470237
2793807711010859269
13857279439147199162
9401498651418378755
18341121669640687851
16927310670588986964
4837090469053450434
6386273343916046831
4758424581761467345
2988926867643705637
7884501735302202236
8199720404622530257
12701513150849732239
14825364725969231739
14431496531055440522
18412812903285163274
13156181751059736752
13013564538464183066
6524164206803577681
15826938745068033543
17196967954552993978
12286840867052841590
14463578767137042087
1014015261239630459
4721396680533654986
8867400348025723534
2253292961484292414
16884801639239348452
7886340315776359029
17363921836790155994
868518639438366252
5161602069516910342
13554653802655222291
11768834925246826824
11279525219474363623
3113543136260961072
17031099732161584316
8950854293473746085
15938962205164187576
18294302128351555497
7446534512923980988
16340031864297185695
15834055232035423741
1081029272043695742
12515412423024499790
15015121537871939754
16735806142791287553
16102462663957710980
9355699136460820458
6566767441047871512
2433719349725752636
7142684199234896951
362038665260286390
3258228313862252977
4394055807681539253
7264846747288886360
14965943283770540579
8451502068180780378
15806410734862733511
3838025085394925800
13412101720661761428
18073238754669916627
9695057959296827943
5157807666069574009
14796756093265242239
9837908046717200528
956643193015439440
1761864123396702879
4323556300418263519
17213868928908130009
802407912823264817
15806830761991556862
11978258832624719396
8321409299727771964
6823002817250484542
6293353603500906364
14054368636826037007
6381946811785238532
2426412387617301666
2977983477738156185
14037000520580155353
14352567890954795292
1046194879750824504
13615598774478984751
1505925346716429476
1257613669282100360
15735400456194447533
4170610488996219748
302953378252334265
3381806274137098995
14389442013594863657
1194479957165201198
198098171858728563
16909309907976021828
4508861743382849762
13254164340683811609
7093187684989230888
2711170261359706971
6776580329977577540
4011332124939535563
12369512078376483013
9161171811141761063
16907458858242762099
17189278353600000939
18024291223129876715
1133194960299783019
4092522302819764211
7145867557646668606
10930158837209692516
1510469776151511605
2030722461337190262
11209557015118989241
2830382534910796842
14402419759633764161
16748008312687421688
5803953085984377850
14249265440735128746
1148537819645079751
17625526577948304649
13072057808217859346
5730391017518821626
12122893511614131807
16692824218915021770
13954096102429679175
2710733341322117267
11943358171670912086
699704745566764217
11590193469612340943
12320558909710346627
1632462584256140951
7094375091935615512
8714273426101438606
9688987648144280790
4238575661122825987
4807481166209590681
9276094866495140042
2830968964367776131
951082197818009506
5632444540260566438
2836733692429660069
7635296289654636919
6725342012460024380
12812162890084398586
15925885136763498960
14169534724698837610
10398746672073282036
3712831120784508761
15226895849989686394
18263326799960012934
14641094312840477445
2284504160545449088
9064877553869012935
17223078672311589976
24437934861497546
10936207935506770476
4254146967513164005
18386236538498995814
5302350099216542067
216029079721524545
9247745999659262722
4596434721320489129
11035742452804878059
17980486440809954283
13637575078702415151
17809905134086477941
9889428316895700114
18160672067237347958
12150432212240806028
7189659061879175349
13841901006832641271
1254246722373539091
13844659676736593385
2499889404865049386
17244820184891776503
1211702265513633825
11077139396696866278
18335012584280760155
9132699554261782309
16333780066056539828
15452378779853674687
16921361778837181116
5100262126808012108
5179115560840492769
3976710242416657399
1896776401965305455
286602731426492260
17240133030456570223
7590426753860566841
8082309623410189201
16714444978171678451
10452795612057593703
12187066118367997081
11821683901393182998
16508998240474305464
18252042316178809982
13230517471112469135
8840469081808961623
13983723487135225045
7066767343985434961
1541462014009340054
5648332188754263375
8877051231201319111
4262063453876711278
17279502586041478005
16896962406210821109
1797097289221217497
1356426121623878583
7726678876826864320
15737178852395822627
1351078060708764772
8065336596787690791
7034564439116366950
4793371205757560285
9310504463563191965
16539342156112448915
17627805906817529453
15627012656046673160
8446714529567872179
14111025247829772619
2962532525929124351
2212909795746150289
6625664029731819043
9876040105225047317
13964583428856335203
4993005819122919013
15302845719642340406
347289902108641160
14122019186188808294
13233234611819429648
9494516473337913884
7886142171820127471
4987476975785199193
5024728590885691823
17368020153283503236
15148955791150123537
911963442245075301
7505958205757964757
4252652394780586686
8480928424165455123
7368565283805581364
2027508219261404347
2278036517319973635
8269428856611859142
15580038078638475263
6371695154020866643
4573433807716343333
5640934106502109772
7137776168244120588
564728441475889456
12407331992819781645
1990774440598305901
4672383954337409198
9511770056934762691
7601135823029053417
2795913007660624627
1973970567543960682
4021133930162703766
17198995574223450718
14830835610083659245
3877883974278599488
16897840981768977626
9532929443018228428
11039153761749117680
2171642568728444786
13131091716416630172
12700545200277585696
12675192391537505311
14774414437991823263
2060036567497097513
15102065102648345945
7523035771305036937
9565713096771255914
7078417209486311264
1121259931041963912
15805593287604360113
18032311594381648274
12573795903084977016
2728226255199807412
7499882139050404910
1084379619392659454
16044230756153426785
9811584992577269021
8189625873601418552
3638863575939128668
13071016312735222050
17066687912892084116
15509831223363242557
16159928563468633062
11864926979493714963
13795291251771157733
10169722105810245041
10703540170802496139
376167976841056342
3158649065984208424
4492732220751013397
7999452669798362371
16082395180202299082
10794276608936159849
12407422323742017972
7766941785760107672
9674286405050265429
5310957576441107747
7438966809094519868
3754502923703569700
12215274529697223223
13959578995247575089
485256960108457686
8138797814227716873
14026450886421912445
5904808803383098427
930074478497126265
1160950938335746476
16570509773696646458
4465895587223061484
8361587643565576790
14197168638704741527
12402668900400848270
13184716516750440161
12952837944183124922
13480205524209906720
9713921304229082896
4865469462388099250
17553119274577664440
3786626069949949831
9289172616712968903
12096128209930188177
15418303418900074563
12968818196069836910
2388065491047926479
12124314960542072694
17018344586869443251
5239301724031727628
14460933283449857545
5658979643686349546
9129706833376488724
1820048678878630496
1128242535630763543
13529932209604420616
10695649398737254817
1908979593544448310
8371421598228747873
1844801661593896959
15171418802374479930
16605277311346005914
31515323840318810
768884225177001676
13431434112584606844
9953310838466017421
17694328977737497526
12105785629614526734
17923459588784582319
13155637946550829269
1421074017608152420
4818345911282536083
7593651857530820950
5806667556319325406
18239393216112901868
12634961635210643248
15615745399927934780
3497558235693671770
17761410226606090771
17940584354339258747
15028093894313103180
14996987376619947340
446102896726334456
3693924842983735312
16898560545048842003
13451187035886427597
16569952557417515492
18120113793153447573
12833493330618516176
12626595694907729142
3923642452352859504
7407846952231033161
5072791884033313078
1296168357298602790
4681959287062932073
7494987903389293084
2083181477246850747
8097464253248807600
3232725539471743696
11040275660936280607
524471750200379084
15855754551361919143
13429919385458139125
5626460425797826816
17284615133380506505
17850234978350378871
18178793493655386120
4690162771885313870
6876194553231865249
1892829434997773980
10617511454000961231
2870131934403411033
6867640584382227702
11156913100666398570
6526277134545006970
6137569976874784645
7056089499339833226
11743100218766887102
6813787014402058738
1251365910383449627
12397959670824304340
9805750653102608088
8934043175038273029
6753162247767801547
10883071713559470270
8388241673014696379
14319689138393546
11453144046858951071
4565866527332152539
12048304450761989231
3954216577811471294
3419026946140382492
5456083568314994792
2974450973408382134
4160972849641426665
7632864377977753189
14604932413859481173
723238631075530416
15519493072865756589
17740242713348192597
5776752491043217200
415902526567116399
11728357706580441313
13653141040886835999
8309375712762586331
258562848185100001
4558881091355694768
2160799764647576787
17252593259731550148
11621935201628975861
5766807821929461877
1006592992252151048
8818873014649561167
16814600805674379365
2569097477142864421
16947003030626612190
625021269908394003
65510394427264592
7163140470089977894
7880938273576725821
14363332198986924118
4711692273900467580
12105207801776675801
10172455445458215899
12740823333022572505
18437402884561367258
1575481673330188604
15689603962628484109
10817373734773565542
9220116890564959158
18240249276039488170
5209416444444638594
6454629239743613371
3921826437253568789
15833562427292284807
13850892987844966255
7016149836124167019
8910603060845971938
3711876190286506142
2364583570766083161
10627992895275769227
8043321036710620364
14017054135301784319
6701789512951455097
13136996105065123283
8421856063619086481
11229162651506505238
17248446156708598669
11771444233244986736
5097305204345953432
3189796080185576668
7459045629986755640
10213073034173507220
3491600180076495268
13537946604523480521
17836016737680478057
8476576639159125145
159079622465489715
11263530154531709919
2503878017854162702
11152369606412617191
17940475816511389781
13089461375820501747
2881031427474253107
3599464598463660483
13572073678590165588
204039909497835362
5367235907269562519
16436279016238235154
15309834065016409538
1897799855178254597
5811415190136927307
10453264426036970914
16750571302807811194
12091002249064307803
4984545188419404802
1862519617107569304
9091832954832740229
5036235959533052193
15146435960107553257
564289847297727994
619000449214710319
14254758437151383560
6794005114140019602
17784239612115557926
3009834230817186224
